Game: NDice=2, NSides=2, LTarget=4, UTarget=4

Exact solution:

PLAY =
     2     2     2     2
     2     2     2     2
     1     1     1     1
     1     1     1     1

PROB =
    0.5703    0.5469    0.4688    0.6250
    0.5938    0.5938    0.5625    0.6250
    0.6875    0.6875    0.6250    0.7500
    0.5000    0.5000    0.5000    0.5000

The meaningful results are [0,J] for J=0..3 and [I,J] for 
I=2,3;  J=2,3.

Reinforcement learning experiment with M = 100, NGames = 100,000

Run 1

Play =
     2     2     2     2
     0     2     2     2
     0     1     1     1
     0     1     1     1
Prob =
    0.5600    0.5455    0.4812    0.6402
         0    0.5682    0.6148    0.6331
         0    0.7355    0.6196    0.7624
         0    0.5044    0.4987    0.4942

Run 2

Play =
     2     2     2     2
     0     2     2     1
     0     1     1     1
     0     1     1     1

Prob =
    0.5625    0.5466    0.4743    0.6388
         0    0.5385    0.5764    0.6538
         0    0.6950    0.6370    0.7607
         0    0.5890    0.5042    0.4973

Run3

Play =
     2     2     2     2
     0     2     2     2
     0     1     1     1
     0     1     1     1

Prob =
    0.5637    0.5524    0.4797    0.6363
         0    0.6042    0.5813    0.6651
         0    0.6726    0.6288    0.7583
         0    0.4882    0.5008    0.5001