Game: NDice=2, NSides=2, LTarget=4, UTarget=5

Exact solution

PLAY =
     2     2     2     2
     2     2     2     2
     1     2     2     2
     1     1     1     1
PROB =
    0.7656    0.4219    0.4375    0.2500
    0.9375    0.8125    0.8125    0.7500
    0.8750    0.7500    0.7500    0.7500
    1.0000    1.0000    1.0000    1.0000

 
The meaningful results are [0,J] for J=0..3 and [I,J] for 
I=2,3;  J=2,3.

Reinforcement learning experiment with M = 100, NGames = 100,000

Run 1

Play = 
     2     2     2     2
     0     2     2     2
     0     2     2     2
     0     1     1     1

Prob =
    0.7639    0.5345    0.4404    0.2585
         0    0.7647    0.8734    0.8000
         0    0.7585    0.7466    0.7523
         0    1.0000    1.0000    1.0000

Run 2

Play =
     2     2     2     2
     0     2     2     2
     0     2     2     2
     0     1     1     1
Prob =
    0.7632    0.5714    0.4423    0.2599
         0    0.8421    0.8370    0.7569
         0    0.7523    0.7586    0.7533
         0    1.0000    1.0000    1.0000


Run 3

Play =
     2     2     2     2
     0     2     2     2
     0     1     2     2
     0     1     1     1
Prob =
    0.7608    0.5714    0.4438    0.2634
         0    0.8500    0.8191    0.7653
         0    0.7258    0.7458    0.7515
         0    1.0000    1.0000    1.0000