Game: NDice=3, NSides=2, LTarget=6, UTarget=7

Exact solution

PLAY =
     3     3     3     3     3     3
     3     3     3     3     3     3
     3     3     3     3     3     3
     2     2     2     2     2     2
     1     1     2     2     2     2
     1     1     1     1     1     1
PROB =
    0.7852    0.5010    0.3281    0.3125    0.3438    0.1250
    0.9102    0.7344    0.6211    0.6172    0.6250    0.5000
    0.8594    0.8125    0.7812    0.7812    0.7812    0.7500
    0.9688    0.8750    0.8125    0.8125    0.8125    0.7500
    0.9375    0.7500    0.7500    0.7500    0.7500    0.7500
    1.0000    1.0000    1.0000    1.0000    1.0000    1.0000

The meaningful results are [0,0] and [I,J] for I=3..6, J=3..6.

Reinforcement learning experiment with M = 100, NGames = 100,000

Run 1

Play =
     2     3     3     3     3     1
     0     3     3     3     3     3
     0     3     3     3     3     3
     0     2     2     2     2     2
     0     2     2     2     2     2
     0     1     1     1     1     1
Prob =
    0.6186    0.5359    0.4161    0.3700    0.4109    0.5497
         0    0.7440    0.6743    0.7157    0.6806    0.6698
         0    0.8013    0.8115    0.7911    0.7843    0.7866
         0    0.8795    0.8274    0.8315    0.8299    0.8133
         0    0.7611    0.7530    0.7421    0.7488    0.7523
         0    1.0000    1.0000    1.0000    1.0000    1.0000

Run 2

Play =
     2     3     3     3     3     1
     0     3     3     3     3     3
     0     3     3     3     3     3
     0     2     2     2     2     2
     0     2     2     2     2     2
     0     1     1     1     1     1
Prob =
    0.6180    0.5351    0.4172    0.3682    0.4142    0.5190
         0    0.7259    0.6826    0.6313    0.6773    0.6839
         0    0.8191    0.7826    0.7862    0.7848    0.7816
         0    0.8658    0.8341    0.8121    0.8316    0.8078
         0    0.7796    0.7498    0.7396    0.7426    0.7462
         0    1.0000    1.0000    1.0000    1.0000    1.0000


Run 3

Play =
     2     3     3     3     3     1
     0     3     3     3     3     3
     0     3     3     3     3     3
     0     2     2     2     2     2
     0     2     2     2     2     2
     0     1     1     1     1     1
Prob =
    0.6164    0.5412    0.4211    0.3649    0.4211    0.5352
         0    0.7431    0.7633    0.7029    0.6934    0.6701
         0    0.8185    0.7771    0.7925    0.7918    0.7766
         0    0.8740    0.8359    0.8237    0.8279    0.8173
         0    0.7336    0.7279    0.7435    0.7410    0.7463
         0    1.0000    1.0000    1.0000    1.0000    1.0000

Note that the program consistently gives the wrong advice for [0,0] and [0,5]