Game: NDice=2, NSides=3, LTarget=6, UTarget=7

Exact solution

PLAY =
     2     2     2     2     2     2
     2     2     2     2     2     2
     2     2     2     2     2     2
     1     1     2     1     2     2
     1     1     1     1     1     1
     1     1     1     1     1     1
PROB =
    0.6532    0.5174    0.4122    0.4737    0.3155    0.4074
    0.7415    0.6393    0.5600    0.6059    0.4870    0.5556
    0.7633    0.7113    0.6703    0.6927    0.6337    0.6667
    0.7590    0.6525    0.5926    0.6091    0.5802    0.5926
    0.8642    0.8148    0.7778    0.8025    0.7407    0.7778
    0.6667    0.6667    0.6667    0.6667    0.6667    0.6667

The meaningful results are [0,0] and [I,J] for I=2..5, J=2..5

Reinforcement learning experiment with M = 100, NGames = 100,000

Run 1

Play =
     2     2     2     2     2     2
     0     2     2     2     2     2
     0     2     2     2     2     2
     0     1     1     2     2     1
     0     1     1     1     1     1
     0     1     1     1     1     1
Prob =
    0.6006    0.5243    0.4726    0.4759    0.3873    0.5324
         0    0.6370    0.5816    0.5875    0.5371    0.6745
         0    0.7032    0.6746    0.6819    0.6610    0.7218
         0    0.6464    0.6071    0.5920    0.5877    0.6365
         0    0.8177    0.7737    0.7886    0.7553    0.8059
         0    0.6667    0.6592    0.6693    0.6611    0.6704



Run 2

Play =
     2     2     2     2     2     2
     0     2     2     2     2     2
     0     2     2     2     2     2
     0     1     1     2     2     1
     0     1     1     1     1     1
     0     1     1     1     1     1
Prob =
    0.6017    0.5344    0.4794    0.4713    0.3835    0.5283
         0    0.6276    0.6250    0.5659    0.5285    0.6536
         0    0.7192    0.6860    0.6587    0.6524    0.7031
         0    0.6484    0.6107    0.6066    0.5773    0.6354
         0    0.7888    0.7847    0.7897    0.7579    0.8127
         0    0.6562    0.6562    0.6690    0.6624    0.6670

Run 3

Play =
     2     2     2     2     2     2
     0     2     2     2     2     2
     0     2     2     2     2     2
     0     1     1     2     2     1
     0     1     1     1     1     1
     0     1     1     1     1     1
Prob =
    0.6020    0.5441    0.4817    0.4752    0.3860    0.5276
         0    0.6222    0.6032    0.5898    0.5625    0.6452
         0    0.6986    0.7103    0.6841    0.6370    0.7018
         0    0.6621    0.5898    0.5958    0.5766    0.6404
         0    0.8230    0.7876    0.7929    0.7545    0.8141
         0    0.6530    0.6709    0.6697    0.6665    0.6712